Supplemental results for CODEML (seqf: alignement_nfil3_codons_without_PM_OA_PS_clean.pml  treef: tree_alignement_nfil3_prot_without_PM_OA_PS.nwk)


dN/dS (w) for site classes (K=4)

p:   0.33094  0.33094  0.33094  0.00718
w:   0.00408  0.04734  0.19544  1.00000

Naive Empirical Bayes (NEB) probabilities for 4 classes & postmean_w
(amino acids refer to 1st sequence: Mus_musculus)

   1 L   0.00000 0.00188 0.99812 0.00000 ( 3)  0.195
   2 L   0.00000 0.88061 0.11939 0.00000 ( 2)  0.065
   3 S   0.00000 0.00000 0.99999 0.00001 ( 3)  0.195
   4 K   0.00000 0.99989 0.00010 0.00000 ( 2)  0.047
   5 S   0.00000 0.66172 0.33828 0.00000 ( 2)  0.097
   6 A   0.00000 0.00000 0.99999 0.00001 ( 3)  0.195
   7 C   0.05283 0.94714 0.00003 0.00000 ( 2)  0.045
   8 R   0.99999 0.00001 0.00000 0.00000 ( 1)  0.004
   9 R   0.99997 0.00003 0.00000 0.00000 ( 1)  0.004
  10 K   0.97944 0.02056 0.00000 0.00000 ( 1)  0.005
  11 R   0.99999 0.00001 0.00000 0.00000 ( 1)  0.004
  12 E   0.99946 0.00054 0.00000 0.00000 ( 1)  0.004
  13 F   0.99989 0.00011 0.00000 0.00000 ( 1)  0.004
  14 I   0.99995 0.00005 0.00000 0.00000 ( 1)  0.004
  15 P   0.99999 0.00001 0.00000 0.00000 ( 1)  0.004
  16 D   0.98628 0.01372 0.00000 0.00000 ( 1)  0.005
  17 E   0.00050 0.99949 0.00001 0.00000 ( 2)  0.047
  18 K   0.99558 0.00442 0.00000 0.00000 ( 1)  0.004
  19 K   1.00000 0.00000 0.00000 0.00000 ( 1)  0.004
  20 D   1.00000 0.00000 0.00000 0.00000 ( 1)  0.004
  21 A   0.00000 0.99752 0.00248 0.00000 ( 2)  0.048
  22 M   0.00000 0.05848 0.94152 0.00000 ( 3)  0.187
  23 Y   1.00000 0.00000 0.00000 0.00000 ( 1)  0.004
  24 W   0.99997 0.00003 0.00000 0.00000 ( 1)  0.004
  25 E   0.99679 0.00321 0.00000 0.00000 ( 1)  0.004
  26 K   0.97753 0.02247 0.00000 0.00000 ( 1)  0.005
  27 R   1.00000 0.00000 0.00000 0.00000 ( 1)  0.004
  28 R   0.99959 0.00041 0.00000 0.00000 ( 1)  0.004
  29 K   0.99999 0.00001 0.00000 0.00000 ( 1)  0.004
  30 N   1.00000 0.00000 0.00000 0.00000 ( 1)  0.004
  31 N   1.00000 0.00000 0.00000 0.00000 ( 1)  0.004
  32 E   1.00000 0.00000 0.00000 0.00000 ( 1)  0.004
  33 A   1.00000 0.00000 0.00000 0.00000 ( 1)  0.004
  34 A   1.00000 0.00000 0.00000 0.00000 ( 1)  0.004
  35 K   0.99997 0.00003 0.00000 0.00000 ( 1)  0.004
  36 R   0.99800 0.00200 0.00000 0.00000 ( 1)  0.004
  37 S   0.99589 0.00411 0.00000 0.00000 ( 1)  0.004
  38 R   0.99999 0.00001 0.00000 0.00000 ( 1)  0.004
  39 E   1.00000 0.00000 0.00000 0.00000 ( 1)  0.004
  40 K   1.00000 0.00000 0.00000 0.00000 ( 1)  0.004
  41 R   0.99999 0.00001 0.00000 0.00000 ( 1)  0.004
  42 R   0.99999 0.00001 0.00000 0.00000 ( 1)  0.004
  43 L   0.00001 0.99986 0.00013 0.00000 ( 2)  0.047
  44 N   0.98715 0.01285 0.00000 0.00000 ( 1)  0.005
  45 D   1.00000 0.00000 0.00000 0.00000 ( 1)  0.004
  46 L   0.07258 0.92742 0.00000 0.00000 ( 2)  0.044
  47 V   0.99549 0.00451 0.00000 0.00000 ( 1)  0.004
  48 L   0.99995 0.00005 0.00000 0.00000 ( 1)  0.004
  49 E   1.00000 0.00000 0.00000 0.00000 ( 1)  0.004
  50 N   0.00000 0.99822 0.00178 0.00000 ( 2)  0.048
  51 K   0.99817 0.00183 0.00000 0.00000 ( 1)  0.004
  52 L   0.85448 0.14552 0.00000 0.00000 ( 1)  0.010
  53 I   0.00000 0.99849 0.00151 0.00000 ( 2)  0.048
  54 A   0.30588 0.69412 0.00000 0.00000 ( 2)  0.034
  55 L   0.99996 0.00004 0.00000 0.00000 ( 1)  0.004
  56 G   0.05987 0.94011 0.00002 0.00000 ( 2)  0.045
  57 E   0.93455 0.06545 0.00000 0.00000 ( 1)  0.007
  58 E   1.00000 0.00000 0.00000 0.00000 ( 1)  0.004
  59 N   1.00000 0.00000 0.00000 0.00000 ( 1)  0.004
  60 A   0.00000 0.97321 0.02679 0.00000 ( 2)  0.051
  61 T   0.00000 0.02204 0.97796 0.00000 ( 3)  0.192
  62 L   0.99413 0.00587 0.00000 0.00000 ( 1)  0.004
  63 K   0.96342 0.03658 0.00000 0.00000 ( 1)  0.006
  64 A   0.00000 0.99370 0.00630 0.00000 ( 2)  0.048
  65 E   0.99999 0.00001 0.00000 0.00000 ( 1)  0.004
  66 L   0.99957 0.00043 0.00000 0.00000 ( 1)  0.004
  67 L   0.00000 0.99726 0.00274 0.00000 ( 2)  0.048
  68 S   0.07825 0.92171 0.00004 0.00000 ( 2)  0.044
  69 L   0.28555 0.71444 0.00001 0.00000 ( 2)  0.035
  70 K   0.99643 0.00357 0.00000 0.00000 ( 1)  0.004
  71 L   0.00095 0.99898 0.00007 0.00000 ( 2)  0.047
  72 K   0.88396 0.11604 0.00000 0.00000 ( 1)  0.009
  73 F   0.68014 0.31986 0.00000 0.00000 ( 1)  0.018
  74 G   0.99416 0.00584 0.00000 0.00000 ( 1)  0.004
  75 L   0.00054 0.99932 0.00015 0.00000 ( 2)  0.047
  76 I   0.00000 0.08525 0.91475 0.00000 ( 3)  0.183
  77 S   0.00019 0.99981 0.00000 0.00000 ( 2)  0.047
  78 S   0.00000 0.98321 0.01679 0.00000 ( 2)  0.050
  79 T   0.00000 0.01472 0.98528 0.00000 ( 3)  0.193
  80 A   0.00000 0.00007 0.99993 0.00000 ( 3)  0.195
  81 Y   0.00003 0.99975 0.00023 0.00000 ( 2)  0.047
  82 A   0.00000 0.17739 0.82261 0.00000 ( 3)  0.169
  83 Q   0.00000 0.99974 0.00026 0.00000 ( 2)  0.047
  84 K   0.00000 0.98986 0.01014 0.00000 ( 2)  0.049
  85 L   0.00000 0.62892 0.37108 0.00000 ( 2)  0.102
  86 S   0.00000 0.93767 0.06233 0.00000 ( 2)  0.057
  87 N   0.00000 0.00005 0.99995 0.00000 ( 3)  0.195
  88 S   0.00000 0.00001 0.99999 0.00000 ( 3)  0.195
  89 Q   0.00000 0.99805 0.00195 0.00000 ( 2)  0.048
  90 D   0.00000 0.51610 0.48390 0.00000 ( 2)  0.119
  91 Y   0.00000 0.83744 0.16256 0.00000 ( 2)  0.071
  92 S   0.00000 0.00328 0.99672 0.00000 ( 3)  0.195
  93 L   0.00000 0.00927 0.99073 0.00000 ( 3)  0.194
  94 S   0.00000 0.00118 0.99882 0.00000 ( 3)  0.195
  95 E   0.00000 0.00000 1.00000 0.00000 ( 3)  0.195
  96 T   0.00000 0.00000 1.00000 0.00000 ( 3)  0.195
  97 S   0.00000 0.00082 0.99918 0.00000 ( 3)  0.195
  98 S   0.00000 0.00000 1.00000 0.00000 ( 3)  0.195
  99 F   0.00000 0.98709 0.01291 0.00000 ( 2)  0.049
 100 S   0.00000 0.00000 0.00321 0.99679 ( 4)  0.997
 101 P   0.00000 0.80191 0.19809 0.00000 ( 2)  0.077
 102 L   0.00000 0.00021 0.99979 0.00000 ( 3)  0.195
 103 R   0.00000 0.00001 0.99999 0.00000 ( 3)  0.195
 104 V   0.00000 0.00000 0.99999 0.00001 ( 3)  0.195
 105 V   0.00000 0.95419 0.04581 0.00000 ( 2)  0.054
 106 P   0.00000 0.98624 0.01376 0.00000 ( 2)  0.049
 107 N   0.00000 0.00000 1.00000 0.00000 ( 3)  0.195
 108 P   0.00000 0.19721 0.80279 0.00000 ( 3)  0.166
 109 A   0.00001 0.99633 0.00367 0.00000 ( 2)  0.048
 110 L   0.99996 0.00004 0.00000 0.00000 ( 1)  0.004
 111 P   0.99999 0.00001 0.00000 0.00000 ( 1)  0.004
 112 H   0.99595 0.00405 0.00000 0.00000 ( 1)  0.004
 113 K   1.00000 0.00000 0.00000 0.00000 ( 1)  0.004
 114 L   0.99996 0.00004 0.00000 0.00000 ( 1)  0.004
 115 R   0.99999 0.00001 0.00000 0.00000 ( 1)  0.004
 116 I   0.00004 0.99995 0.00001 0.00000 ( 2)  0.047
 117 K   1.00000 0.00000 0.00000 0.00000 ( 1)  0.004
 118 A   0.00000 0.35708 0.64292 0.00000 ( 3)  0.143
 119 K   0.00000 0.99872 0.00128 0.00000 ( 2)  0.048
 120 A   0.00000 0.99762 0.00238 0.00000 ( 2)  0.048
 121 M   0.00000 0.99992 0.00008 0.00000 ( 2)  0.047
 122 Q   0.00000 0.99843 0.00157 0.00000 ( 2)  0.048
 123 K   0.94515 0.05485 0.00000 0.00000 ( 1)  0.006
 124 V   0.00000 0.99090 0.00910 0.00000 ( 2)  0.049
 125 E   0.11808 0.88192 0.00000 0.00000 ( 2)  0.042
 126 A   0.00000 0.00014 0.99986 0.00000 ( 3)  0.195
 127 D   0.00000 0.43525 0.56475 0.00000 ( 3)  0.131
 128 S   0.00000 0.00002 0.99998 0.00000 ( 3)  0.195

Positively selected sites

	Prob(w>1)  mean w



lnL = -11677.366274

Bayes Empirical Bayes (BEB) probabilities for 11 classes (class) & postmean_w
(amino acids refer to 1st sequence: Mus_musculus)

   1 L   0.03585 0.63683 0.28899 0.03570 0.00249 0.00013 0.00001 0.00000 0.00000 0.00000 0.00000 ( 2)  0.183 +-  0.062
   2 L   0.96898 0.03035 0.00066 0.00001 0.00000 0.00000 0.00000 0.00000 0.00000 0.00000 0.00000 ( 1)  0.053 +-  0.018
   3 S   0.00000 0.01231 0.27108 0.43402 0.21700 0.05525 0.00911 0.00111 0.00010 0.00001 0.00000 ( 4)  0.356 +-  0.093
   4 K   0.99981 0.00019 0.00000 0.00000 0.00000 0.00000 0.00000 0.00000 0.00000 0.00000 0.00000 ( 1)  0.050 +-  0.001
   5 S   0.92044 0.07653 0.00293 0.00009 0.00000 0.00000 0.00000 0.00000 0.00000 0.00000 0.00000 ( 1)  0.058 +-  0.029
   6 A   0.00000 0.03039 0.35446 0.41161 0.16113 0.03582 0.00575 0.00074 0.00008 0.00001 0.00000 ( 4)  0.334 +-  0.091
   7 C   0.99995 0.00005 0.00000 0.00000 0.00000 0.00000 0.00000 0.00000 0.00000 0.00000 0.00000 ( 1)  0.050 +-  0.001
   8 R   1.00000 0.00000 0.00000 0.00000 0.00000 0.00000 0.00000 0.00000 0.00000 0.00000 0.00000 ( 1)  0.050 +-  0.000
   9 R   1.00000 0.00000 0.00000 0.00000 0.00000 0.00000 0.00000 0.00000 0.00000 0.00000 0.00000 ( 1)  0.050 +-  0.000
  10 K   1.00000 0.00000 0.00000 0.00000 0.00000 0.00000 0.00000 0.00000 0.00000 0.00000 0.00000 ( 1)  0.050 +-  0.000
  11 R   1.00000 0.00000 0.00000 0.00000 0.00000 0.00000 0.00000 0.00000 0.00000 0.00000 0.00000 ( 1)  0.050 +-  0.000
  12 E   1.00000 0.00000 0.00000 0.00000 0.00000 0.00000 0.00000 0.00000 0.00000 0.00000 0.00000 ( 1)  0.050 +-  0.000
  13 F   1.00000 0.00000 0.00000 0.00000 0.00000 0.00000 0.00000 0.00000 0.00000 0.00000 0.00000 ( 1)  0.050 +-  0.000
  14 I   1.00000 0.00000 0.00000 0.00000 0.00000 0.00000 0.00000 0.00000 0.00000 0.00000 0.00000 ( 1)  0.050 +-  0.000
  15 P   1.00000 0.00000 0.00000 0.00000 0.00000 0.00000 0.00000 0.00000 0.00000 0.00000 0.00000 ( 1)  0.050 +-  0.000
  16 D   1.00000 0.00000 0.00000 0.00000 0.00000 0.00000 0.00000 0.00000 0.00000 0.00000 0.00000 ( 1)  0.050 +-  0.000
  17 E   0.99998 0.00002 0.00000 0.00000 0.00000 0.00000 0.00000 0.00000 0.00000 0.00000 0.00000 ( 1)  0.050 +-  0.000
  18 K   1.00000 0.00000 0.00000 0.00000 0.00000 0.00000 0.00000 0.00000 0.00000 0.00000 0.00000 ( 1)  0.050 +-  0.000
  19 K   1.00000 0.00000 0.00000 0.00000 0.00000 0.00000 0.00000 0.00000 0.00000 0.00000 0.00000 ( 1)  0.050 +-  0.000
  20 D   1.00000 0.00000 0.00000 0.00000 0.00000 0.00000 0.00000 0.00000 0.00000 0.00000 0.00000 ( 1)  0.050 +-  0.000
  21 A   0.99869 0.00130 0.00001 0.00000 0.00000 0.00000 0.00000 0.00000 0.00000 0.00000 0.00000 ( 1)  0.050 +-  0.004
  22 M   0.29661 0.68993 0.01335 0.00010 0.00000 0.00000 0.00000 0.00000 0.00000 0.00000 0.00000 ( 2)  0.122 +-  0.048
  23 Y   1.00000 0.00000 0.00000 0.00000 0.00000 0.00000 0.00000 0.00000 0.00000 0.00000 0.00000 ( 1)  0.050 +-  0.000
  24 W   1.00000 0.00000 0.00000 0.00000 0.00000 0.00000 0.00000 0.00000 0.00000 0.00000 0.00000 ( 1)  0.050 +-  0.000
  25 E   1.00000 0.00000 0.00000 0.00000 0.00000 0.00000 0.00000 0.00000 0.00000 0.00000 0.00000 ( 1)  0.050 +-  0.000
  26 K   1.00000 0.00000 0.00000 0.00000 0.00000 0.00000 0.00000 0.00000 0.00000 0.00000 0.00000 ( 1)  0.050 +-  0.000
  27 R   1.00000 0.00000 0.00000 0.00000 0.00000 0.00000 0.00000 0.00000 0.00000 0.00000 0.00000 ( 1)  0.050 +-  0.000
  28 R   1.00000 0.00000 0.00000 0.00000 0.00000 0.00000 0.00000 0.00000 0.00000 0.00000 0.00000 ( 1)  0.050 +-  0.000
  29 K   1.00000 0.00000 0.00000 0.00000 0.00000 0.00000 0.00000 0.00000 0.00000 0.00000 0.00000 ( 1)  0.050 +-  0.000
  30 N   1.00000 0.00000 0.00000 0.00000 0.00000 0.00000 0.00000 0.00000 0.00000 0.00000 0.00000 ( 1)  0.050 +-  0.000
  31 N   1.00000 0.00000 0.00000 0.00000 0.00000 0.00000 0.00000 0.00000 0.00000 0.00000 0.00000 ( 1)  0.050 +-  0.000
  32 E   1.00000 0.00000 0.00000 0.00000 0.00000 0.00000 0.00000 0.00000 0.00000 0.00000 0.00000 ( 1)  0.050 +-  0.000
  33 A   1.00000 0.00000 0.00000 0.00000 0.00000 0.00000 0.00000 0.00000 0.00000 0.00000 0.00000 ( 1)  0.050 +-  0.000
  34 A   1.00000 0.00000 0.00000 0.00000 0.00000 0.00000 0.00000 0.00000 0.00000 0.00000 0.00000 ( 1)  0.050 +-  0.000
  35 K   1.00000 0.00000 0.00000 0.00000 0.00000 0.00000 0.00000 0.00000 0.00000 0.00000 0.00000 ( 1)  0.050 +-  0.000
  36 R   1.00000 0.00000 0.00000 0.00000 0.00000 0.00000 0.00000 0.00000 0.00000 0.00000 0.00000 ( 1)  0.050 +-  0.000
  37 S   1.00000 0.00000 0.00000 0.00000 0.00000 0.00000 0.00000 0.00000 0.00000 0.00000 0.00000 ( 1)  0.050 +-  0.000
  38 R   1.00000 0.00000 0.00000 0.00000 0.00000 0.00000 0.00000 0.00000 0.00000 0.00000 0.00000 ( 1)  0.050 +-  0.000
  39 E   1.00000 0.00000 0.00000 0.00000 0.00000 0.00000 0.00000 0.00000 0.00000 0.00000 0.00000 ( 1)  0.050 +-  0.000
  40 K   1.00000 0.00000 0.00000 0.00000 0.00000 0.00000 0.00000 0.00000 0.00000 0.00000 0.00000 ( 1)  0.050 +-  0.000
  41 R   1.00000 0.00000 0.00000 0.00000 0.00000 0.00000 0.00000 0.00000 0.00000 0.00000 0.00000 ( 1)  0.050 +-  0.000
  42 R   1.00000 0.00000 0.00000 0.00000 0.00000 0.00000 0.00000 0.00000 0.00000 0.00000 0.00000 ( 1)  0.050 +-  0.000
  43 L   0.99986 0.00014 0.00000 0.00000 0.00000 0.00000 0.00000 0.00000 0.00000 0.00000 0.00000 ( 1)  0.050 +-  0.001
  44 N   1.00000 0.00000 0.00000 0.00000 0.00000 0.00000 0.00000 0.00000 0.00000 0.00000 0.00000 ( 1)  0.050 +-  0.000
  45 D   1.00000 0.00000 0.00000 0.00000 0.00000 0.00000 0.00000 0.00000 0.00000 0.00000 0.00000 ( 1)  0.050 +-  0.000
  46 L   1.00000 0.00000 0.00000 0.00000 0.00000 0.00000 0.00000 0.00000 0.00000 0.00000 0.00000 ( 1)  0.050 +-  0.000
  47 V   1.00000 0.00000 0.00000 0.00000 0.00000 0.00000 0.00000 0.00000 0.00000 0.00000 0.00000 ( 1)  0.050 +-  0.000
  48 L   1.00000 0.00000 0.00000 0.00000 0.00000 0.00000 0.00000 0.00000 0.00000 0.00000 0.00000 ( 1)  0.050 +-  0.000
  49 E   1.00000 0.00000 0.00000 0.00000 0.00000 0.00000 0.00000 0.00000 0.00000 0.00000 0.00000 ( 1)  0.050 +-  0.000
  50 N   0.99781 0.00219 0.00000 0.00000 0.00000 0.00000 0.00000 0.00000 0.00000 0.00000 0.00000 ( 1)  0.050 +-  0.005
  51 K   1.00000 0.00000 0.00000 0.00000 0.00000 0.00000 0.00000 0.00000 0.00000 0.00000 0.00000 ( 1)  0.050 +-  0.000
  52 L   0.99999 0.00001 0.00000 0.00000 0.00000 0.00000 0.00000 0.00000 0.00000 0.00000 0.00000 ( 1)  0.050 +-  0.000
  53 I   0.99884 0.00116 0.00000 0.00000 0.00000 0.00000 0.00000 0.00000 0.00000 0.00000 0.00000 ( 1)  0.050 +-  0.003
  54 A   1.00000 0.00000 0.00000 0.00000 0.00000 0.00000 0.00000 0.00000 0.00000 0.00000 0.00000 ( 1)  0.050 +-  0.000
  55 L   1.00000 0.00000 0.00000 0.00000 0.00000 0.00000 0.00000 0.00000 0.00000 0.00000 0.00000 ( 1)  0.050 +-  0.000
  56 G   0.99996 0.00004 0.00000 0.00000 0.00000 0.00000 0.00000 0.00000 0.00000 0.00000 0.00000 ( 1)  0.050 +-  0.001
  57 E   1.00000 0.00000 0.00000 0.00000 0.00000 0.00000 0.00000 0.00000 0.00000 0.00000 0.00000 ( 1)  0.050 +-  0.000
  58 E   1.00000 0.00000 0.00000 0.00000 0.00000 0.00000 0.00000 0.00000 0.00000 0.00000 0.00000 ( 1)  0.050 +-  0.000
  59 N   1.00000 0.00000 0.00000 0.00000 0.00000 0.00000 0.00000 0.00000 0.00000 0.00000 0.00000 ( 1)  0.050 +-  0.000
  60 A   0.98811 0.01182 0.00007 0.00000 0.00000 0.00000 0.00000 0.00000 0.00000 0.00000 0.00000 ( 1)  0.051 +-  0.011
  61 T   0.22576 0.67368 0.09395 0.00625 0.00034 0.00002 0.00000 0.00000 0.00000 0.00000 0.00000 ( 2)  0.138 +-  0.058
  62 L   1.00000 0.00000 0.00000 0.00000 0.00000 0.00000 0.00000 0.00000 0.00000 0.00000 0.00000 ( 1)  0.050 +-  0.000
  63 K   1.00000 0.00000 0.00000 0.00000 0.00000 0.00000 0.00000 0.00000 0.00000 0.00000 0.00000 ( 1)  0.050 +-  0.000
  64 A   0.99745 0.00252 0.00003 0.00000 0.00000 0.00000 0.00000 0.00000 0.00000 0.00000 0.00000 ( 1)  0.050 +-  0.005
  65 E   1.00000 0.00000 0.00000 0.00000 0.00000 0.00000 0.00000 0.00000 0.00000 0.00000 0.00000 ( 1)  0.050 +-  0.000
  66 L   1.00000 0.00000 0.00000 0.00000 0.00000 0.00000 0.00000 0.00000 0.00000 0.00000 0.00000 ( 1)  0.050 +-  0.000
  67 L   0.99821 0.00179 0.00001 0.00000 0.00000 0.00000 0.00000 0.00000 0.00000 0.00000 0.00000 ( 1)  0.050 +-  0.004
  68 S   0.99996 0.00004 0.00000 0.00000 0.00000 0.00000 0.00000 0.00000 0.00000 0.00000 0.00000 ( 1)  0.050 +-  0.001
  69 L   0.99997 0.00003 0.00000 0.00000 0.00000 0.00000 0.00000 0.00000 0.00000 0.00000 0.00000 ( 1)  0.050 +-  0.001
  70 K   1.00000 0.00000 0.00000 0.00000 0.00000 0.00000 0.00000 0.00000 0.00000 0.00000 0.00000 ( 1)  0.050 +-  0.000
  71 L   0.99993 0.00007 0.00000 0.00000 0.00000 0.00000 0.00000 0.00000 0.00000 0.00000 0.00000 ( 1)  0.050 +-  0.001
  72 K   1.00000 0.00000 0.00000 0.00000 0.00000 0.00000 0.00000 0.00000 0.00000 0.00000 0.00000 ( 1)  0.050 +-  0.000
  73 F   1.00000 0.00000 0.00000 0.00000 0.00000 0.00000 0.00000 0.00000 0.00000 0.00000 0.00000 ( 1)  0.050 +-  0.000
  74 G   1.00000 0.00000 0.00000 0.00000 0.00000 0.00000 0.00000 0.00000 0.00000 0.00000 0.00000 ( 1)  0.050 +-  0.000
  75 L   0.99984 0.00016 0.00000 0.00000 0.00000 0.00000 0.00000 0.00000 0.00000 0.00000 0.00000 ( 1)  0.050 +-  0.001
  76 I   0.45112 0.52377 0.02471 0.00039 0.00000 0.00000 0.00000 0.00000 0.00000 0.00000 0.00000 ( 2)  0.107 +-  0.054
  77 S   0.99999 0.00001 0.00000 0.00000 0.00000 0.00000 0.00000 0.00000 0.00000 0.00000 0.00000 ( 1)  0.050 +-  0.000
  78 S   0.99440 0.00552 0.00008 0.00000 0.00000 0.00000 0.00000 0.00000 0.00000 0.00000 0.00000 ( 1)  0.051 +-  0.008
  79 T   0.18221 0.67411 0.13374 0.00949 0.00043 0.00002 0.00000 0.00000 0.00000 0.00000 0.00000 ( 2)  0.147 +-  0.060
  80 A   0.00181 0.58731 0.35786 0.04865 0.00409 0.00027 0.00002 0.00000 0.00000 0.00000 0.00000 ( 2)  0.197 +-  0.061
  81 Y   0.99971 0.00029 0.00000 0.00000 0.00000 0.00000 0.00000 0.00000 0.00000 0.00000 0.00000 ( 1)  0.050 +-  0.002
  82 A   0.58877 0.40005 0.01101 0.00017 0.00000 0.00000 0.00000 0.00000 0.00000 0.00000 0.00000 ( 1)  0.092 +-  0.052
  83 Q   0.99960 0.00040 0.00000 0.00000 0.00000 0.00000 0.00000 0.00000 0.00000 0.00000 0.00000 ( 1)  0.050 +-  0.002
  84 K   0.99263 0.00736 0.00001 0.00000 0.00000 0.00000 0.00000 0.00000 0.00000 0.00000 0.00000 ( 1)  0.051 +-  0.009
  85 L   0.92195 0.07334 0.00449 0.00021 0.00001 0.00000 0.00000 0.00000 0.00000 0.00000 0.00000 ( 1)  0.058 +-  0.029
  86 S   0.98208 0.01765 0.00026 0.00000 0.00000 0.00000 0.00000 0.00000 0.00000 0.00000 0.00000 ( 1)  0.052 +-  0.014
  87 N   0.00151 0.65224 0.32423 0.02132 0.00069 0.00002 0.00000 0.00000 0.00000 0.00000 0.00000 ( 2)  0.187 +-  0.053
  88 S   0.00036 0.32479 0.51855 0.13734 0.01733 0.00151 0.00011 0.00001 0.00000 0.00000 0.00000 ( 3)  0.235 +-  0.073
  89 Q   0.99851 0.00148 0.00000 0.00000 0.00000 0.00000 0.00000 0.00000 0.00000 0.00000 0.00000 ( 1)  0.050 +-  0.004
  90 D   0.83645 0.16096 0.00256 0.00002 0.00000 0.00000 0.00000 0.00000 0.00000 0.00000 0.00000 ( 1)  0.067 +-  0.038
  91 Y   0.96423 0.03459 0.00115 0.00003 0.00000 0.00000 0.00000 0.00000 0.00000 0.00000 0.00000 ( 1)  0.054 +-  0.020
  92 S   0.05502 0.71146 0.21150 0.02068 0.00128 0.00006 0.00000 0.00000 0.00000 0.00000 0.00000 ( 2)  0.170 +-  0.057
  93 L   0.12110 0.75656 0.11570 0.00639 0.00024 0.00001 0.00000 0.00000 0.00000 0.00000 0.00000 ( 2)  0.151 +-  0.051
  94 S   0.02279 0.67039 0.27620 0.02877 0.00176 0.00008 0.00000 0.00000 0.00000 0.00000 0.00000 ( 2)  0.182 +-  0.058
  95 E   0.00000 0.13335 0.65373 0.19274 0.01898 0.00115 0.00006 0.00000 0.00000 0.00000 0.00000 ( 3)  0.260 +-  0.063
  96 T   0.00000 0.02255 0.40169 0.41728 0.13187 0.02332 0.00295 0.00030 0.00002 0.00000 0.00000 ( 4)  0.324 +-  0.083
  97 S   0.01673 0.59265 0.34857 0.03960 0.00234 0.00011 0.00000 0.00000 0.00000 0.00000 0.00000 ( 2)  0.192 +-  0.061
  98 S   0.00000 0.01021 0.41233 0.45386 0.10995 0.01261 0.00097 0.00006 0.00000 0.00000 0.00000 ( 4)  0.321 +-  0.073
  99 F   0.99509 0.00487 0.00004 0.00000 0.00000 0.00000 0.00000 0.00000 0.00000 0.00000 0.00000 ( 1)  0.050 +-  0.007
 100 S   0.00000 0.00000 0.00053 0.02151 0.13654 0.28852 0.29413 0.17668 0.06798 0.01403 0.00008 ( 7)  0.623 +-  0.124
 101 P   0.95404 0.04458 0.00135 0.00003 0.00000 0.00000 0.00000 0.00000 0.00000 0.00000 0.00000 ( 1)  0.055 +-  0.022
 102 L   0.00446 0.48538 0.41583 0.08449 0.00910 0.00070 0.00004 0.00000 0.00000 0.00000 0.00000 ( 2)  0.211 +-  0.069
 103 R   0.00023 0.40471 0.50278 0.08531 0.00660 0.00035 0.00002 0.00000 0.00000 0.00000 0.00000 ( 3)  0.219 +-  0.065
 104 V   0.00000 0.00730 0.28456 0.46809 0.19398 0.03985 0.00555 0.00061 0.00006 0.00000 0.00000 ( 4)  0.349 +-  0.085
 105 V   0.98003 0.01987 0.00010 0.00000 0.00000 0.00000 0.00000 0.00000 0.00000 0.00000 0.00000 ( 1)  0.052 +-  0.014
 106 P   0.99376 0.00620 0.00004 0.00000 0.00000 0.00000 0.00000 0.00000 0.00000 0.00000 0.00000 ( 1)  0.051 +-  0.008
 107 N   0.00006 0.42901 0.51672 0.05204 0.00210 0.00006 0.00000 0.00000 0.00000 0.00000 0.00000 ( 3)  0.213 +-  0.059
 108 P   0.63796 0.34868 0.01304 0.00031 0.00001 0.00000 0.00000 0.00000 0.00000 0.00000 0.00000 ( 1)  0.088 +-  0.051
 109 A   0.99731 0.00268 0.00001 0.00000 0.00000 0.00000 0.00000 0.00000 0.00000 0.00000 0.00000 ( 1)  0.050 +-  0.005
 110 L   1.00000 0.00000 0.00000 0.00000 0.00000 0.00000 0.00000 0.00000 0.00000 0.00000 0.00000 ( 1)  0.050 +-  0.000
 111 P   1.00000 0.00000 0.00000 0.00000 0.00000 0.00000 0.00000 0.00000 0.00000 0.00000 0.00000 ( 1)  0.050 +-  0.000
 112 H   1.00000 0.00000 0.00000 0.00000 0.00000 0.00000 0.00000 0.00000 0.00000 0.00000 0.00000 ( 1)  0.050 +-  0.000
 113 K   1.00000 0.00000 0.00000 0.00000 0.00000 0.00000 0.00000 0.00000 0.00000 0.00000 0.00000 ( 1)  0.050 +-  0.000
 114 L   1.00000 0.00000 0.00000 0.00000 0.00000 0.00000 0.00000 0.00000 0.00000 0.00000 0.00000 ( 1)  0.050 +-  0.000
 115 R   1.00000 0.00000 0.00000 0.00000 0.00000 0.00000 0.00000 0.00000 0.00000 0.00000 0.00000 ( 1)  0.050 +-  0.000
 116 I   0.99998 0.00002 0.00000 0.00000 0.00000 0.00000 0.00000 0.00000 0.00000 0.00000 0.00000 ( 1)  0.050 +-  0.000
 117 K   1.00000 0.00000 0.00000 0.00000 0.00000 0.00000 0.00000 0.00000 0.00000 0.00000 0.00000 ( 1)  0.050 +-  0.000
 118 A   0.77178 0.22193 0.00618 0.00010 0.00000 0.00000 0.00000 0.00000 0.00000 0.00000 0.00000 ( 1)  0.073 +-  0.044
 119 K   0.99888 0.00112 0.00000 0.00000 0.00000 0.00000 0.00000 0.00000 0.00000 0.00000 0.00000 ( 1)  0.050 +-  0.003
 120 A   0.99827 0.00173 0.00000 0.00000 0.00000 0.00000 0.00000 0.00000 0.00000 0.00000 0.00000 ( 1)  0.050 +-  0.004
 121 M   0.99982 0.00018 0.00000 0.00000 0.00000 0.00000 0.00000 0.00000 0.00000 0.00000 0.00000 ( 1)  0.050 +-  0.001
 122 Q   0.99894 0.00106 0.00000 0.00000 0.00000 0.00000 0.00000 0.00000 0.00000 0.00000 0.00000 ( 1)  0.050 +-  0.003
 123 K   1.00000 0.00000 0.00000 0.00000 0.00000 0.00000 0.00000 0.00000 0.00000 0.00000 0.00000 ( 1)  0.050 +-  0.000
 124 V   0.99525 0.00472 0.00002 0.00000 0.00000 0.00000 0.00000 0.00000 0.00000 0.00000 0.00000 ( 1)  0.050 +-  0.007
 125 E   1.00000 0.00000 0.00000 0.00000 0.00000 0.00000 0.00000 0.00000 0.00000 0.00000 0.00000 ( 1)  0.050 +-  0.000
 126 A   0.00317 0.52700 0.37875 0.07873 0.01099 0.00124 0.00012 0.00001 0.00000 0.00000 0.00000 ( 2)  0.207 +-  0.070
 127 D   0.76281 0.23504 0.00214 0.00001 0.00000 0.00000 0.00000 0.00000 0.00000 0.00000 0.00000 ( 1)  0.074 +-  0.043
 128 S   0.00067 0.54349 0.40035 0.05176 0.00354 0.00018 0.00001 0.00000 0.00000 0.00000 0.00000 ( 2)  0.201 +-  0.062

Positively selected sites

	Prob(w>1)  mean w


